1011
1012
1013
1014
1015
1016
1021
1022
1023
1024
1025
1026
1027
1028
1029
1031
1032
1033
1034
1035
1036
1037
1038
1039
1041
1042
1043
1044
1045
1046
1047
1048
1051
1052
1053
1054
1055
1056
1060
1061
1062
1063
1064
1065
1066
1067
1068
1071
1072
1073
1074
1075
1076
1077
1078
1081
1082
1083
1084
1085
1086
1087
1088
1089
1090
1091
1092
1093
1094
1095
1096
1097
1098
1101
1102
1103
1104
1105
1106
1107
1108
1111
1112
1113
1114
1115
1116
1117
1118
1119
1121
1122
1123
1124
1125
1126
1130
1131
1132
1133
1134
1135
1136
1137
1138
1139
1141
1142
1143
1144
1145
1146
1147
1148
1149
1151
1152
1153
1154
1156
1157
1158
1161
1162
1163
1164
1165
1171
1172
1173
1174
1181
1182
1183
1184
1185
1188
1189
1191
1192
1193
1194
1195
1196
1201
1202
1203
1204
1205
1211
1212
1213
1214
1215
1220
1221
1222
1223
1224
1225
1227
1231
1237
1238
1239
1312
1503
1519
1605
1751
1752
2000
2011
2013
2015
2023
2024
2025
2030
2038
2040
2045
2049
2051
2060
2063
2064
2065
2071
2072
2074
2081
2083
2084
2085
2089
2092
2093
2094
2095
2098
2099
2100
2103
2111
2112
2113
2114
2115
2119
2120
2128
2131
2133
2134
2135
2141
2143
2144
2145
2151
2162
2163
2170
2177
2182
2191
2192
2194
2200
2209
2220
2225
2230
2234
2241
2244
2251
2252
2300
2310
2315
2316
2319
2330
2335
2336
2337
2338
2339
2344
2360
2364
2377
2432
2433
2440
2451
2454
2455
2458
2462
2463
2473
2475
2476
2481
2483
2484
2485
2500
2509
2510
2517
2521
2532
2536
2541
2542
2543
2600
2621
2623
2626
2700
2721
2735
2760
2764
2800
2822
2831
2834
2835
2836
2837
2851
2890
3000
3003
3013
3042
3064
5126
6090
8000
8051
8082
8087
8092
8093
8095
8096
8112
8143
8151
943 01
943 10
94301
94352
